40000297
01028293
50502423
40000297
0B428293
50502623
0480006F
34202F73
00800F93
03FF0A63
00900F93
03FF0663
00B00F93
03FF0263
00000F17
FC8F0F13
000F0463
000F0067
34202F73
000F5463
0040006F
5391E193
30302023
FFDFF06F
F1402573
00051063
00000297
01028293
30529073
18005073
00000297
01C28293
30529073
FFF00293
3B029073
01F00293
3A029073
00000297
01828293
30529073
30205073
30305073
30405073
00000193
00000297
F6C28293
30529073
00100513
01F51513
00054863
0FF0000F
00100193
00000073
00000297
F2C28293
00028E63
10529073
0000B2B7
10928293
30229073
30202373
F66290E3
30005073
00002537
80050513
30052073
00000297
01428293
34129073
F1402573
30200073
00000097
14408093
30509FF3
40000197
ED818193
40000117
EE010113
40000097
EE808093
00500293
00600313
0001A203
00412023
0011A203
00412223
0021A203
00412423
0031A203
00412623
40000197
E9C18193
40000117
EC810113
40000097
EE008093
00500293
00600313
00019203
00412023
00119203
00412223
00219203
00412423
00319203
00412623
0001D203
00412823
0011D203
00412A23
0021D203
00412C23
0031D203
00412E23
40000117
EB010113
40000097
EB808093
00000313
9999A2B7
99928293
00512023
00512223
00512423
00512623
00612023
00410113
006120A3
00410113
00612123
00410113
006121A3
40000117
E9010113
40000097
E9808093
00000313
9999A2B7
99928293
00512023
00512223
00512423
00512623
00611023
00410113
006110A3
00410113
00611123
00410113
006111A3
305F9073
02C0006F
34102F73
004F0F13
341F1073
34302F73
003F7F13
01E0A023
34202F73
01E0A223
00808093
30200073
00100793
60F02023
00100073
00000000
00000000
00000000
00000000
00000000
00000000
00000000
00000000
00000000
00000000
00000000
00000000
00000000
00000000
00000000
00000000
00000000
00000000
00000000
00000000
00000000
00000000
00000000
00000000
00000000
00000000
00000000
00000000
00000000
00000000
00000000
00000000
00000000
00000000
00000000
00000000
00000000
00000000
00000000
00000000
00000000
00000000
00000000
00000000
00000000
00000000
00000000
00000000
00000000
00000000
00000000
00000000
00000000
00000000
00000000
00000000
00000000
00000000
00000000
00000000
00000000
00000000
00000000
00000000
00000000
00000000
00000000
00000000
00000000
00000000
00000000
00000000
00000000
00000000
00000000
00000000
00000000
