80000120
80000124
80000128
400003A4
400000F0
40000118
52415453
20414553
43534952
4F432056
20214552
50504148
45422059
554F5920
4C455352
00000A46
74736574
0000000A
6D6D6F63
20646E61
206E656C
74207369
6C206F6F
65677261
73756D2C
313C2074
6E612035
61682064
20612073
45544E45
6E652052
676E6964
00000A20
65636572
72657669
20612064
74726175
2078725F
65746E69
70757272
00000A74
00006325
0000000A
65636572
72657669
20612064
206E6F6E
74726175
2078725F
65746E69
70757272
00000A74
696D2061
696C6173
65206E67
70656378
6E6F6974
70616820
656E6570
00000A64
33323130
37363534
62613938
66656463
6A696867
6E6D6C6B
7271706F
76757473
7A797877
00000000
33323130
37363534
42413938
46454443
4A494847
4E4D4C4B
5251504F
56555453
5A595857
00000000
4C554E3C
00003E4C
00000D30
00000D60
00000D60
00000D40
00000D60
00000D60
00000D60
00000D60
00000D60
00000D60
00000D60
00000D20
00000D60
00000D10
00000D60
00000D60
00000D50
000010BC
00001168
00001168
00001168
00001168
00001168
00001168
00001168
00001168
00001168
00001168
00001168
00001168
00001168
00001168
00001168
00001168
00001168
00001168
00001168
00001168
00001168
00001168
00001140
00001168
00001168
00001168
00001168
00001168
00001168
00001168
00001168
000010C8
00001168
00000EF4
00001158
00001168
00001168
00001168
00001168
00001158
00001168
00001168
00001168
00001168
00001168
00001134
00001068
00001168
00001168
00000F80
00001168
000011C4
00001168
00001168
0000114C
2064656C
74736574
00000000
00000000
00000000
00000000
0000154C
